TEST FOR QR-DECOMPOSITION WITH RANDOM SIZE MATRICES 

Matrix A: n=5 times m=4 matrix

         0          9          6          8 
         9          3          5          7 
         1          1          9          9 
         8          8          3          3 
         4          5          9          9 
R is upper triangular
Matrix R:

      12.7        8.8       8.96       10.4 
         0       10.1       6.73       7.87 
         0          0       10.3       10.5 
         0          0          0       2.16 

Matrix Q:

         0      0.889    0.00164      0.456 
     0.707     -0.318     0.0784      0.625 
    0.0786     0.0305      0.784     -0.126 
     0.629      0.244     -0.414     -0.509 
     0.314      0.221      0.456     -0.356 

Q.T * Q is equal I
Matrix Q.T*Q:

         1  -1.39e-17  -5.55e-17   3.47e-16 
 -1.39e-17          1  -9.71e-17  -1.25e-16 
 -5.55e-17  -9.71e-17          1   1.22e-15 
  3.47e-16  -1.25e-16   1.22e-15          1 

A is equal to Q*R
Matrix Q*R:

         0          9          6          8 
         9          3          5          7 
         1          1          9          9 
         8          8          3          3 
         4          5          9          9 
------------------------------------------------------------------


------------------------------------------------------------------
TEST FOR SQUARE MATRICES 

Matrix A:

         2          7          0          5          3          0          9          8 
         7          5          6          7          0          2          8          1 
         9          1          3          3          8          4          0          8 
         8          7          1          4          9          3          0          7 
         2          6          7          1          5          3          6          2 
         6          9          3          6          2          1          8          6 
         4          2          5          3          6          5          8          8 
         6          2          6          5          9          5          9          4 

Vector b:
     0.473      0.978      0.484      0.336      0.445       0.75      0.598      0.649 

Vector x:
   0.00547   -0.00504     0.0741     0.0793    -0.0253    -0.0104   -0.00522      0.028 

A*x is equal to b
Vector Ax:
     0.473      0.978      0.484      0.336      0.445       0.75      0.598      0.649 

Matrix A^-1:

    -0.482      -0.48      0.108     -0.279     -0.173      0.919     -0.129      0.321 
     -0.11    -0.0575     -0.132      0.106     0.0105      0.148     0.0585    -0.0289 
     0.404      0.388      0.225    -0.0178      0.309     -0.663     -0.108      -0.27 
     0.644      0.763    -0.0668       0.38      0.115      -1.22       0.07     -0.375 
     0.151    -0.0088     0.0716    0.00289     0.0851     -0.163     -0.172     0.0978 
    -0.414    -0.0205     -0.475      0.341     -0.261      0.183      0.539     -0.036 
    -0.299     -0.389    -0.0198     -0.225     -0.132      0.658    -0.0461      0.301 
      0.22      0.135      0.126    -0.0081     0.0791     -0.275     0.0535     -0.196 

Matrix A*A^-1 is equal to I
Matrix A*A^-1

         1   1.78e-15  -2.22e-16   3.47e-16  -4.44e-16  -2.22e-15   4.44e-16  -6.66e-16 
 -2.78e-16          1  -1.94e-16   2.65e-16  -9.16e-16   3.89e-16   7.49e-16   4.16e-16 
 -1.11e-15   6.66e-16          1   3.47e-16  -2.22e-16  -8.88e-16   6.66e-16   2.22e-16 
 -6.66e-16   1.78e-15   2.22e-16          1  -9.99e-16  -1.11e-15   4.44e-16          0 
 -5.55e-16  -9.99e-16  -4.44e-16  -3.57e-16          1   7.77e-16   4.44e-16  -2.78e-16 
 -3.11e-15  -3.33e-16  -3.33e-16   4.16e-17   9.44e-16          1  -3.33e-16  -8.88e-16 
         0   1.33e-15          0   5.69e-16  -4.44e-16  -4.44e-16          1          0 
 -1.11e-15   6.66e-16  -2.22e-16   1.73e-16   5.55e-16  -2.22e-16   2.22e-16          1 


         1          0          0          0          0          0          0          0 
         0          1          0          0          0          0          0          0 
         0          0          1          0          0          0          0          0 
         0          0          0          1          0          0          0          0 
         0          0          0          0          1          0          0          0 
         0          0          0          0          0          1          0          0 
         0          0          0          0          0          0          1          0 
         0          0          0          0          0          0          0          1 
------------------------------------------------------------------
