Max = 2147483647
Max int = 2147483647
Min = -2147483648
Min int = -2147483648

Float precision = 1.192093E-07
Float = 1.19209289550781E-07

Double precision = 2.22044604925031E-16
Double = 2.22044604925031E-16

sumA-1 = 0.000000e+000 should be 1.110223e-010
sumB-1 = 1.110223e-010 should be 1.110223e-010

d1=7.999999999999999e-001
d2=8.000000000000000e-001
d1==d2 ? => False

